Audio
Ortho_LSH
500,1000,2000,5000,10000,20000,30000,40000
FH
500,1000,2000,5000,10000,20000,30000,40000
NH_DCF
1000,2000,5000,10000,20000,30000,40000,50000
NH
1000,2000,5000,10000,20000,30000,40000,50000
Ball_Tree
100,500,1000,2000,5000,10000,20000,30000,40000,45000
BC_Tree
100,500,1000,2000,5000,10000,20000,30000,40000,45000

Cifar
Ortho_LSH
100,200,500,1000,2000,5000,10000,20000,30000,40000
FH
100,200,500,1000,2000,5000,10000,20000,30000,40000
NH_DCF
100,200,500,1000,2000,5000,10000,20000,30000,40000,45000
NH
100,200,500,1000,2000,5000,10000,20000,30000,40000,45000
Ball_Tree
10,50,100,500,1000,5000,10000,20000,30000,40000
BC_Tree
10,50,100,500,1000,5000,10000,20000,30000,40000

Deep
Ortho_LSH
10000,20000,50000,100000,200000,400000,600000,800000
FH
10000,20000,50000,100000,200000,500000,800000,900000
NH_DCF
10000,50000,100000,200000,400000,600000,800000,900000
NH
10000,50000,100000,200000,400000,600000,800000,900000
Ball_Tree
5000,10000,50000,100000,200000,400000,600000,800000
BC_Tree
5000,10000,50000,100000,200000,400000,600000,800000

Deep1M
Ortho_LSH
10000,20000,50000,100000,200000,400000,600000,800000
FH
10000,20000,50000,100000,200000,500000,800000,900000
NH_DCF
10000,50000,100000,200000,400000,600000,800000,900000
NH
10000,50000,100000,200000,400000,600000,800000,900000
Ball_Tree
500,1000,2000,5000,10000,20000,50000,100000,200000,400000,600000,800000
BC_Tree
500,1000,2000,5000,10000,20000,50000,100000,200000,400000,600000,800000

Deep10M
Ortho_LSH
50000,100000,200000,500000,1000000,2000000,4000000,6000000
FH
50000,100000,200000,500000,1000000,2000000,4000000,6000000
NH_DCF
50000,100000,200000,500000,1000000,2000000,4000000,6000000
NH
50000,100000,200000,500000,1000000,2000000,4000000,6000000
Ball_Tree
10000,20000,50000,100000,200000,500000,1000000,2000000,4000000
BC_Tree
10000,20000,50000,100000,200000,500000,1000000,2000000,4000000

Deep100M
Ortho_LSH
500000,1000000,2000000,5000000,10000000,20000000,40000000
FH
100000,200000,500000,1000000,2000000,5000000,10000000,20000000
NH_DCF
100000,200000,500000,1000000,2000000,5000000,10000000,20000000,40000000
NH
100000,200000,500000,1000000,2000000,5000000,10000000,20000000,40000000
Ball_Tree
100000,200000,500000,1000000,2000000,5000000,10000000,20000000,40000000
BC_Tree
100000,200000,500000,1000000,2000000,5000000,10000000,20000000,40000000

Enron
Ortho_LSH
1,2,5,10,50,100,200,500,1000,2000
FH
1,2,5,10,50,100,200,300,500,1000,2000,5000,10000,30000,60000
NH_DCF
1,2,5,10,50,100,200,300,500,1000,2000,5000,10000,30000,60000
NH
1,2,5,10,50,100,200,300,500,1000,2000,5000,10000,30000,60000
Ball_Tree
1,2,5,10,50,100,200,300,500,1000,2000,5000,10000,30000,60000
BC_Tree
1,2,5,10,50,100,200,300,500,1000,2000,5000,10000,30000,60000

Gist
Ortho_LSH
100,500,1000,2000,5000,10000,20000,50000,100000,200000,300000
FH
100,500,1000,2000,5000,10000,20000,50000,100000,200000,300000
NH_DCF
100,500,1000,2000,5000,10000,20000,50000,100000,200000,400000
NH
100,500,1000,2000,5000,10000,20000,50000,100000,200000,400000
Ball_Tree
10,100,500,1000,5000,10000,20000,50000,100000,200000,400000
BC_Tree
10,100,500,1000,5000,10000,20000,50000,100000,200000,400000

GloVe100
Ortho_LSH
1000,5000,10000,20000,50000,100000,200000,500000,800000
FH
1000,5000,10000,20000,50000,100000,200000,500000,800000
NH_DCF
1000,5000,10000,50000,100000,200000,400000,600000,800000,1000000
NH
1000,5000,10000,50000,100000,200000,400000,600000,800000,1000000
Ball_Tree
1000,5000,10000,50000,100000,200000,400000,600000,800000,1000000
BC_Tree
1000,5000,10000,50000,100000,200000,400000,600000,800000,1000000

ImageNet
Ortho_LSH
100,500,1000,2000,5000,10000,50000,100000,200000,500000,800000
FH
100,500,1000,2000,5000,10000,50000,100000,200000,500000,800000
NH_DCF
1000,2000,5000,10000,20000,50000,100000,200000,500000,1000000,1200000
NH
1000,2000,5000,10000,20000,50000,100000,200000,500000,1000000,1200000
Ball_Tree
100,500,1000,5000,10000,20000,50000,100000,200000,500000,1000000,1200000
BC_Tree
100,500,1000,5000,10000,20000,50000,100000,200000,500000,1000000,1200000

LabelMe
Ortho_LSH
100,200,500,1000,2000,5000,10000,20000,50000,100000,120000
FH
100,200,500,1000,2000,5000,10000,20000,50000,100000,120000
NH_DCF
100,200,500,1000,2000,5000,10000,20000,50000,100000,120000,150000
NH
100,200,500,1000,2000,5000,10000,20000,50000,100000,120000,150000
Ball_Tree
10,50,100,500,1000,5000,10000,20000,50000,80000,100000
BC_Tree
10,50,100,500,1000,5000,10000,20000,50000,80000,100000

Mnist
Ortho_LSH
1000,2000,5000,10000,20000,30000,40000,50000
FH
1000,2000,5000,10000,20000,30000,40000,50000
NH_DCF
1000,2000,5000,10000,20000,30000,40000,50000
NH
1000,2000,5000,10000,20000,30000,40000,50000
Ball_Tree
1000,2000,5000,10000,20000,30000,40000,50000
BC_Tree
1000,2000,5000,10000,20000,30000,40000,50000

Msong
Ortho_LSH
1,2,5,10,20,50,100,200,500,1000,2000,3000
FH
1,10,100,500,1000,2000,5000,10000,20000,50000,100000
NH_DCF
1,10,100,500,1000,2000,5000,10000,20000,50000,100000,200000
NH
1,10,100,500,1000,2000,5000,10000,20000,50000,100000,200000
Ball_Tree
1,10,100,500,1000,5000,10000,50000,100000,200000
BC_Tree
1,10,100,500,1000,5000,10000,50000,100000,200000

Music
Ortho_LSH
1000,5000,10000,20000,50000,100000,200000,500000,800000
FH
1000,5000,10000,20000,50000,100000,200000,500000,800000
NH_DCF
1000,5000,10000,50000,100000,200000,400000,600000,800000
NH
1000,5000,10000,50000,100000,200000,400000,600000,800000
Ball_Tree
1000,5000,10000,50000,100000,200000,400000,600000,800000
BC_Tree
1000,5000,10000,50000,100000,200000,400000,600000,800000

NUSW
Ortho_LSH
1,2,5,10,20,50,100,200,500,1000,2000
FH
1,2,5,10,20,50,100,200,500,1000,5000,10000,20000,40000
NH_DCF
1,2,5,10,20,50,100,200,500,1000,5000,10000,20000,50000,100000
NH
1,2,5,10,20,50,100,200,500,1000,5000,10000,20000,50000,100000
Ball_Tree
1,5,10,50,100,500,1000,5000,10000,50000,100000,150000
BC_Tree
1,5,10,50,100,500,1000,5000,10000,50000,100000,150000

P53
Ortho_LSH
100,200,500,1000,2000,5000,10000,20000,25000
FH
100,200,500,1000,2000,5000,10000,20000,25000
NH_DCF
100,200,500,1000,2000,5000,10000,20000,30000
NH
100,200,500,1000,2000,5000,10000,20000,30000
Ball_Tree
10,50,100,500,1000,5000,10000,20000,25000
BC_Tree
10,50,100,500,1000,5000,10000,20000,25000

Sift
Ortho_LSH
10000,20000,50000,100000,200000,400000,600000,800000
FH
10000,20000,50000,100000,200000,400000,600000,800000,900000
NH_DCF
10000,20000,50000,100000,200000,400000,600000,800000,900000
NH
10000,20000,50000,100000,200000,400000,600000,800000,900000
Ball_Tree
5000,10000,20000,50000,100000,200000,400000,600000
BC_Tree
5000,10000,20000,50000,100000,200000,400000,600000

Sift1M
Ortho_LSH
10000,20000,50000,100000,200000,400000,600000,800000
FH
10000,20000,50000,100000,200000,400000,600000,800000,900000
NH_DCF
10000,20000,50000,100000,200000,400000,600000,800000,900000
NH
10000,20000,50000,100000,200000,400000,600000,800000,900000
Ball_Tree
500,1000,2000,5000,10000,20000,50000,100000,200000,400000,600000
BC_Tree
500,1000,2000,5000,10000,20000,50000,100000,200000,400000,600000

Sift10M
Ortho_LSH
50000,100000,200000,500000,1000000,2000000,4000000,6000000
FH
50000,100000,200000,500000,1000000,2000000,4000000,6000000
NH_DCF
50000,100000,200000,500000,1000000,2000000,4000000,6000000
NH
50000,100000,200000,500000,1000000,2000000,4000000,6000000
Ball_Tree
10000,20000,50000,100000,200000,500000,1000000,2000000,4000000,6000000
BC_Tree
10000,20000,50000,100000,200000,500000,1000000,2000000,4000000,6000000

Sift100M
Ortho_LSH
500000,1000000,2000000,5000000,10000000,20000000,40000000,60000000
FH
100000,200000,500000,1000000,2000000,5000000,10000000,20000000,40000000,60000000
NH_DCF
100000,200000,500000,1000000,2000000,5000000,10000000,20000000,40000000,60000000
NH
100000,200000,500000,1000000,2000000,5000000,10000000,20000000,40000000,60000000
Ball_Tree
100000,200000,500000,1000000,2000000,5000000,10000000,20000000,40000000,60000000
BC_Tree
100000,200000,500000,1000000,2000000,5000000,10000000,20000000,40000000,60000000

Sun
Ortho_LSH
100,200,500,1000,2000,5000,10000,20000,30000,40000,50000
FH
100,200,500,1000,2000,5000,10000,20000,40000,60000
NH_DCF
100,200,500,1000,2000,5000,10000,20000,40000,60000
NH
100,200,500,1000,2000,5000,10000,20000,40000,60000
Ball_Tree
10,50,100,500,1000,2000,5000,10000,30000,50000
BC_Tree
10,50,100,500,1000,2000,5000,10000,30000,50000

Tiny1M
Ortho_LSH
100,200,500,1000,2000,5000,10000,20000,50000,100000,200000,400000,600000
FH
100,200,500,1000,2000,5000,10000,20000,50000,100000,200000,400000,600000
NH_DCF
100,500,1000,2000,5000,10000,20000,50000,100000,200000,400000,600000
NH
100,500,1000,2000,5000,10000,20000,50000,100000,200000,400000,600000
Ball_Tree
100,500,1000,5000,10000,20000,50000,100000,200000,400000,600000
BC_Tree
100,500,1000,5000,10000,20000,50000,100000,200000,400000,600000

Trevi
Ortho_LSH
1000,2000,5000,10000,20000,40000,60000,80000
FH
1000,2000,5000,10000,20000,40000,60000,80000
NH_DCF
1000,2000,5000,10000,20000,40000,60000,90000
NH
1000,2000,5000,10000,20000,40000,60000,90000
Ball_Tree
100,500,1000,5000,10000,20000,40000,60000,80000
BC_Tree
100,500,1000,5000,10000,20000,40000,60000,80000

UKBench
Ortho_LSH
10000,20000,50000,100000,200000,400000,600000,800000
FH
10000,20000,50000,100000,200000,400000,600000,800000
NH_DCF
10000,20000,50000,100000,200000,400000,600000,800000,900000
NH
10000,20000,50000,100000,200000,400000,600000,800000,900000
Ball_Tree
5000,10000,20000,50000,100000,200000,400000,600000,800000
BC_Tree
5000,10000,20000,50000,100000,200000,400000,600000,800000

Yelp
Ortho_LSH
1000,5000,10000,20000,30000,40000,50000,60000
FH
1000,5000,10000,20000,30000,40000,50000,60000
NH_DCF
1000,5000,10000,20000,30000,40000,50000,60000,70000
NH
1000,5000,10000,20000,30000,40000,50000,60000,70000
Ball_Tree
500,1000,2000,5000,10000,20000,30000,40000,50000,60000
BC_Tree
500,1000,2000,5000,10000,20000,30000,40000,50000,60000
